0.0	-	33,32,31,30,19,18,17,16,15,14,13,12,11,10,9,29,8,28,7,6,27,5,26,4,25,24,3,2,23,1,22,21,0,20
0.0707	-	33,32,31,30,19,18,17,16,15,14,13,12,11,10,9,29,8,28,7,6,27,5,26,4,25,24,3,2,23,1,22,21,0,20
0.1414	-	18;6,5,4,10,16;21,19,17,7,13,3,12,11,2,1,0;33,32,29,31,28,30,27,26,25,24,23,22,20,8,15,14;9
0.2121	-	6,5,4,10,16;9;33,32,29,31,28,30,27,26,25,24,23,22,20,8,15,14;21,19,17,7,13,3,12,11,2,1,0;18
0.2828	-	9;6,5,4,10,16;18;33,32,29,31,28,30,27,26,25,24,23,22,20,8,15,14;21,19,17,7,13,3,12,11,2,1,0
0.3535	-	18;9;6,5,4,10,16;17;11;21,19,7,13,3,12,2,1,0;20;33,32,29,31,28,30,27,26,25,24,23,22,8,15,14
0.4242	-	20;18;17;21,19,7,13,3,12,11,2,1,0;9;33,32,29,31,28,30,27,26,25,24,23,22,8,15,14;6,5,4,10,16
0.4949	-	9;21,19,7,13,3,12,2,1,0;17;30,8,28;20;11;33,32,29,31,27,26,25,24,23,22,15,14;18;6,5,4,10,16
0.5656	-	33,32,29,31,27,26,25,24,23,22,15,14;18;9;21,19,7,13,3,12,2,1,0;11;30,8,28;17;20;6,5,4,10,16
0.6363	-	30,8,28;17;21,19,7,13,3,12,2,1,0;18;11;6,5,4,10,16;20;33,32,29,31,27,26,25,24,23,22,15,14;9
0.707	-	20;11;9;33,32,29,31,27,26,25,24,23,22,15,14;6,5,4,10,16;30,28;8;17;21,19,7,13,3,12,2,1,0;18
0.7777	-	18;30,28;17;11;9;6,5,4,10,16;8;21,19,7,13,3,12,2,1,0;33,32,29,31,27,26,25,24,23,22,15,14;20
0.8484	-	22;18;12;20;9;33,32,29,31,27,26,25,24,23,15;11;6,5,4,10,16;28;13,3,2,1,7;17;14;30;8;21,0,19
0.9191	-	26,29;22;13,3,2,1,7;9;11;6,5,4,10,16;17;27,15,25,24,23,33,32,31;21,0,19;20;30;14;28;12;18;8
0.9898	-	6,5,4,10;9;13,3,2,1,7;28;11;14;12;29;26;8;20;17;18;27,15,25,24,23,33,32,31;21;22;16;0,19;30
1.0605	-	17;27,15,25,24,23,33,32,31;8;20;22;9;13,3,2,1,7;30;28;11;6,5,4,10;29;18;14;16;26;21;0,19;12
1.1312	-	11;12;18;26;16;14;27,15,25,24,23,33,32,31;0;28;29;6,5,4,10;13,3,2,1,7;19;20;22;17;9;8;30;21
1.2019	-	17;19;8;16;6,5,4,10;29;0;9;18;27,15,25,23,33,32,31;14;22;12;11;24;30;13,3,2,1,7;26;28;20;21
1.2726	-	0;18;20;6,5,4,10;19;29;11;14;30;22;13,3,2,1,7;12;9;21;24;27,15,25,23,33,32,31;8;26;28;17;16
1.3433	-	14;19;8;9;13,3,2,1,0,7;28;11;6,5,4,10,16;21;18;26,29;30;27,15,25,24,23,33,32,31;20;22;12;17
1.414	-	22;12;26,29;19;28;8;18;17;13,3,2,1,0,7;14;21;20;30;9;11;6,5,4,10,16;27,15,25,24,23,33,32,31
1.4847	-	8;30;6,5,4,10;17;26;18;24;21;13,3,2,1,0,7;22;9;27,15,25,23,33,32,31;28;12;11;20;14;29;16;19
1.5554	-	22;30;24;21;17;27,15,25,23,33,32,31;12;6,5,4,10;28;20;13,3,2,1,0,7;18;11;8;29;16;26;9;14;19
1.6261	-	19;29;21;11;8;20;30;28;18;17;14;22;12;26;24;16;27,15,25,23,33,32,31;13,3,2,1,0,7;6,5,4,10;9
1.6968	-	8;6,5,4,10;11;20;24;29;18;26;9;21;16;22;27,15,25,23,33,32,31;13,3,2,1,0,7;14;28;19;30;12;17
1.7675	-	30;15,25,23,33,32,31;20;22;11;8;9;19;12;29;17;27;24;21;18;13,3,2,1,0,7;28;6,5;26;16;14;4,10
1.8382	-	14;13,3,2,1,0,7;6,5,16;4,10;22;18;24;26;11;19;8;29;30;15,25,23,33,32,31;27;9;20;12;28;21;17
1.9089	-	4;14;10;18;27;11;26;29;17;22;6,5,16;30;20;8;28;12;21;15,25,23,33,32,31;13,3,2,1,0,7;9;24;19
1.9796	-	18;15,25,23,33,32,31;10;11;19;9;22;20;21;28;29;17;30;13,3,2,1,0,7;24;8;27;4;14;6,5,16;12;26
2.0503	-	13,3,2,1,0,7;30;8;16;10;22;14;15,25,23,33,32,31;11;21;26;29;19;24;4;12;9;18;17;28;20;27;6,5
2.121	-	17;13,3,2,1,0,7;15;6,5;28;21;9;22;12;19;24;29;4;30;11;16;14;8;10;20;27;18;26;25,23,33,32,31
2.1917	-	10;25,23,33,32,31;17;6,5;30;27;13,3,2,1,0,7;21;15;8;12;14;16;4;18;11;20;19;29;9;22;24;28;26
2.2624	-	10;17;18;30;26;27;12;16;13,3,2,1,0,7;25,23,33,32,31;20;24;8;6,5;4;19;9;11;14;29;28;15;21;22
2.3331	-	4;10;15;11;12;26;21;20;24;13,3,2,1,0,7;6,5;30;29;16;17;14;18;22;28;9;27;8;25,23,33,32,31;19
2.4038	-	20;25,23,33,32,31;10;29;28;12;9;17;19;26;11;18;15;4;6,5;21;13,3,2,1,0,7;30;16;14;24;8;27;22
2.4745	-	24;18;11;20;16;12;30;29;15;13,3,2,1,0,7;14;21;19;27;25,23,33,32,31;28;6,5;8;22;17;4;9;26;10
2.5452	-	19;17;4;27;20;26;12;9;14;24;16;28;25,31;8;13,3,2,1,0,7;6,5;15;11;22;21;18;23,33,32;10;30;29
2.6159	-	24;26;18;25,31;6,5;12;30;16;27;10;28;17;22;20;14;13,3,2,1,0,7;23,33,32;8;4;21;11;19;29;15;9
2.6866	-	10;28;9;30;11;26;17;22;27;23,33,32;25,31;14;24;29;19;20;4;12;8;21;13,3,2,1,0,7;18;16;15;6,5
2.7573	-	30;20;26;13,2,1,0;27,23,33,32;24;25,31;9;7;18;6,5;8;22;15;10;17;3;12;28;16;11;21;14;29;4;19
2.828	-	9;6,5;4;17;16;22;25,31;30;3;28;24;12;26;13,2,1,0;21;18;10;11;19;20;27;14;7;23,33,32;8;29;15
2.8987	-	22;27;24;11;8;7;33,32;21;20;17;14;19;29;12;9;6,5;25,31;26;13,2,1,0;10;30;15;18;3;23;28;4;16
2.9694	-	13,2,1,0;17;4;27;11;15;30;24;10;26;33,32;23;19;29;25,31;22;14;8;6,5;20;9;12;18;21;3;7;16;28
3.0401	-	8;29;15;17;24;13,2,1,0;22;11;7;21;3;26;12;20;6,5;30;25,31;23,33,32;19;18;10;28;9;14;27;16;4
3.1108	-	19;23,33,32;13,2,1,0;28;29;15;20;30;11;27;10;17;22;21;4;18;3;14;16;26;24;25,31;12;7;6,5;9;8
3.1815	-	8;6,5;28;27;4;11;16;3;26;30;14;22;9;24;21;12;18;17;7;19;20;29;13,2,1,0;23,33,32;15;10;25,31
3.2522	-	28;14;17;22;19;10;9;15;30;6,5;26;7;13,2,1,0;3;23,33,32;24;25,31;16;21;18;11;29;27;12;8;4;20
3.3229	-	28;27;23,33,32;30;13,2,1,0;12;3;25,31;4;24;7;10;14;22;19;18;15;21;9;6,5;17;29;20;11;16;8;26
3.3936	-	27;12;29;20;7;28;19;13,2,1,0;16;21;18;26;23,33,32;22;11;3;15;14;9;25,31;10;8;6,5;30;24;4;17
3.4643	-	14;19;6,5;4;23,33,32;18;7;3;30;24;21;16;27;22;26;11;9;8;28;12;10;13,2,1,0;20;29;25,31;17;15
3.535	-	12;10;14;13,2,1,0;23,33,32;19;4;6,5;20;29;3;30;16;25,31;27;8;11;28;9;22;7;17;21;24;18;26;15
3.6057	-	16;28;11;22;12;30;4;3;14;24;20;18;21;23,33,32;15;29;6,5;27;10;25,31;7;19;13;17;26;8;2,1,0;9
3.6764	-	7;16;27;9;25,31;28;17;15;11;4;3;2,1,0;13;22;20;23;14;33,32;26;12;21;30;19;18;10;24;6,5;29;8
3.7471	-	10;4;26;11;15;16;8;22;29;23;13;19;28;30;2,1,0;18;24;21;25,31;20;27;17;33,32;12;6,5;3;7;9;14
3.8178	-	7;12;23;24;26;30;13;19;21;8;28;14;15;20;9;4;6,5;2,1,0;3;29;27;25,31;17;16;11;22;18;33,32;10
3.8885	-	30;21;14;26;22;4;13;7;8;19;16;17;12;18;33,32;15;28;2,1,0;6,5;10;25,31;27;3;20;24;9;23;11;29
3.9592	-	6,5;20;12;8;27;26;22;18;11;29;16;3;13;28;21;17;9;19;2,1,0;30;33,32;24;14;10;4;7;23;25,31;15
4.0299	-	8;16;18;25,31;30;14;11;17;10;27;23,33,32;3;12;9;22;13;29;19;24;21;20;7;4;28;2,1,0;26;15;6,5
4.1006	-	30;24;4;6,5;7;9;17;29;10;8;16;2,1,0;14;25,31;15;11;12;26;20;28;13;18;22;21;19;23,33,32;27;3
4.1713	-	25,31;18;11;14;21;29;24;23,33,32;12;19;6,5;16;4;2,1,0;13;9;7;10;20;15;17;28;30;22;8;27;26;3
4.242	-	23,33,32;14;20;25,31;8;18;10;29;7;4;2,1,0;19;6,5;26;12;11;16;13;17;28;27;21;15;3;30;24;22;9
4.3127	-	20;10;3;15;28;13;19;22;12;18;25,31;26;17;23,33,32;27;7;24;4;16;30;11;21;8;6,5;9;14;29;2,1,0
4.3834	-	23,33,32;22;26;24;15;20;18;12;27;29;4;16;13;14;2,1,0;30;11;3;9;6,5;8;10;28;21;17;19;25,31;7
4.4541	-	8;15;30;6,5;24;10;9;14;29;23,33,32;16;26;7;20;12;21;4;2,1,0;25,31;19;3;11;17;27;13;22;18;28
4.5248	-	8;24;23,32;22;16;26;28;17;25,31;9;2,1;18;12;33;10;30;7;11;13;0;29;6,5;14;21;20;27;3;15;4;19
4.5955	-	7;28;3;2,1;6,5;14;4;23,32;33;30;12;17;19;13;10;9;11;18;24;16;25,31;21;20;15;22;0;26;29;27;8
4.6662	-	26;14;0;25,31;3;10;17;9;20;6,5;21;18;11;8;23;28;2,1;7;33,32;19;24;30;16;13;4;22;27;12;29;15
4.7369	-	7;0;3;23;11;16;6,5;22;19;15;8;18;12;17;14;26;20;10;25,31;33,32;2,1;4;28;29;27;30;13;9;24;21
4.8076	-	29;22;16;24;18;15;19;9;2,1;13;23;26;8;10;20;0;7;14;33,32;12;4;30;17;6,5;28;21;27;3;25,31;11
4.8783	-	30;10;21;33,32;8;20;4;26;18;22;2,1;27;3;7;16;29;11;15;23;12;6,5;24;13;17;28;19;0;14;25,31;9
4.949	-	21;17;15;27;13;22;23;16;30;33,32;6,5;26;9;3;0;19;14;4;28;20;29;2,1;24;25,31;12;10;7;8;18;11
5.0197	-	33;23;11;8;10;9;2,1;4;3;19;12;14;22;15;0;18;5;16;29;30;17;32;26;27;25,31;20;6;7;21;13;28;24
5.0904	-	29;19;16;10;17;11;24;0;2,1;6;12;23;8;33;20;27;15;30;21;4;7;22;28;26;25,31;18;13;5;3;14;32;9
5.1611	-	26;19;0;24;27;13;32;20;12;15;11;4;6;30;8;33;21;5;9;23;7;2,1;17;3;16;14;25,31;18;28;29;22;10
5.2318	-	13;16;2,1;25,31;22;4;14;15;28;9;3;12;26;33;30;18;29;8;10;24;5;7;21;11;27;17;23;20;0;19;32;6
5.3025	-	13;21;2,1;17;22;24;15;30;23;4;32;27;33;10;29;26;16;7;14;12;25,31;5;3;9;6;19;0;18;8;28;20;11
5.3732	-	5;32;25,31;6;33;8;24;21;16;22;4;26;9;23;2,1;10;13;29;18;0;20;30;12;28;27;3;14;11;15;19;17;7
5.4439	-	11;32;7;4;6;24;20;17;9;12;3;14;21;2,1;16;10;19;33;25,31;18;0;29;8;23;13;30;28;27;22;5;26;15
5.5146	-	3;14;19;11;6;23;27;33;32;9;25,31;8;10;7;0;15;28;26;21;20;4;17;18;12;13;22;16;24;5;29;2,1;30
5.5853	-	24;8;14;5;19;28;33;10;17;21;18;16;29;25,31;22;4;6;15;7;12;9;32;3;20;2,1;0;26;27;13;23;11;30
5.656	-	21;6;18;10;15;11;33;16;23;30;7;14;12;28;3;27;8;26;29;24;4;22;25,31;13;20;19;9;2,1;5;17;0;32
5.7267	-	19;33;21;26;6;11;27;18;9;7;17;28;29;15;23;8;25,31;10;12;0;4;2,1;22;13;32;3;30;24;16;5;20;14
5.7974	-	3;24;23;9;2,1;30;33;8;15;17;13;10;27;5;26;32;20;14;29;11;22;6;25,31;7;4;12;16;21;18;28;19;0
5.8681	-	10;7;17;22;15;27;19;32;12;25,31;5;24;20;23;30;2,1;3;11;0;21;29;6;26;9;8;33;28;13;18;4;14;16
5.9388	-	23;5;16;32;6;3;18;2,1;25,31;20;11;29;17;28;27;22;4;8;9;12;19;0;7;33;30;21;14;26;10;15;13;24
6.0095	-	23;20;9;1;8;25,31;28;6;26;14;22;21;33;29;4;19;13;0;27;24;10;30;17;3;5;12;2;32;7;11;15;16;18
6.0802	-	15;13;10;16;3;5;27;23;17;6;2;9;18;29;12;28;22;19;24;8;32;25,31;20;30;1;7;0;4;33;26;21;11;14
6.1509	-	9;11;23;19;1;18;8;24;33;0;22;13;21;6;5;32;20;16;27;25,31;10;26;30;4;7;17;14;29;15;12;2;3;28
6.2216	-	25,31;10;1;26;8;23;20;27;2;16;4;30;24;18;7;12;28;6;5;19;11;0;15;17;21;13;33;14;32;29;22;9;3
6.2923	-	10;28;12;1;6;25,31;21;18;15;29;8;17;0;9;2;13;24;7;27;26;19;14;16;23;5;32;20;4;11;33;30;3;22
6.363	-	10;25,31;18;12;27;24;0;14;17;9;16;5;6;32;3;22;11;26;23;21;30;7;1;2;28;8;33;20;15;13;29;19;4
6.4337	-	23;24;21;5;2;4;15;32;30;18;17;13;22;9;12;27;10;14;6;26;16;28;25,31;8;11;19;7;0;1;29;33;20;3
6.5044	-	5;22;32;26;2;30;11;18;16;7;24;13;21;29;20;10;8;0;6;28;23;19;14;27;15;25,31;4;1;33;17;3;9;12
6.5751	-	32;16;14;22;27;28;13;24;4;21;11;9;2;8;7;19;12;18;3;20;15;23;10;30;6;0;26;5;29;25,31;17;33;1
6.6458	-	1;30;12;22;2;33;15;21;7;11;29;5;4;9;27;0;23;32;26;18;24;10;25,31;6;28;17;20;19;16;14;8;13;3
6.7165	-	15;7;29;30;1;2;20;10;21;16;33;25,31;18;24;3;12;27;14;6;32;17;0;28;5;23;8;26;9;11;22;13;19;4
6.7872	-	3;19;1;16;5;23;15;4;29;20;11;27;25,31;0;28;26;17;2;18;13;8;9;32;12;30;21;7;6;22;24;14;33;10
6.8579	-	1;9;28;7;30;22;25,31;16;26;29;13;19;10;33;17;12;11;5;23;14;4;15;20;18;0;2;24;6;27;21;32;8;3
6.9286	-	18;33;28;26;2;13;6;30;4;21;3;19;16;11;27;24;10;0;1;32;23;17;9;5;8;12;20;29;22;25,31;15;7;14
6.9993	-	29;1;13;32;28;4;25,31;16;10;11;26;33;21;9;2;3;20;0;17;22;30;27;15;18;24;12;8;7;6;23;14;5;19
