0.0	-	33,32,31,30,19,18,17,16,15,14,13,12,11,10,9,29,8,28,7,6,27,5,26,4,25,24,3,2,23,1,22,21,0,20
0.0707	-	33,32,31,30,19,18,17,16,15,14,13,12,11,10,9,29,8,28,7,6,27,5,26,4,25,24,3,2,23,1,22,21,0,20
0.1414	-	9;18;33,32,29,31,28,30,27,26,25,24,23,22,20,8,15,14;21,19,17,7,13,3,12,11,2,1,0;6,5,4,10,16
0.2121	-	21,19,17,7,13,3,12,11,2,1,0;9;18;6,5,4,10,16;33,32,29,31,28,30,27,26,25,24,23,22,20,8,15,14
0.2828	-	21,19,17,7,13,3,12,11,2,1,0;6,5,4,10,16;33,32,29,31,28,30,27,26,25,24,23,22,20,8,15,14;9;18
0.3535	-	20;18;17;21,19,7,13,3,12,2,1,0;11;9;6,5,4,10,16;33,32,29,31,28,30,27,26,25,24,23,22,8,15,14
0.4242	-	18;17;20;9;21,19,7,13,3,12,11,2,1,0;6,5,4,10,16;33,32,29,31,28,30,27,26,25,24,23,22,8,15,14
0.4949	-	11;20;17;30,8,28;33,32,29,31,27,26,25,24,23,22,15,14;6,5,4,10,16;9;18;21,19,7,13,3,12,2,1,0
0.5656	-	33,32,29,31,27,26,25,24,23,22,15,14;11;6,5,4,10,16;21,19,7,13,3,12,2,1,0;30,8,28;17;20;9;18
0.6363	-	33,32,29,31,27,26,25,24,23,22,15,14;30,8,28;9;20;18;17;6,5,4,10,16;21,19,7,13,3,12,2,1,0;11
0.707	-	17;20;21,19,7,13,3,12,2,1,0;6,5,4,10,16;9;33,32,29,31,27,26,25,24,23,22,15,14;18;30,28;11;8
0.7777	-	30,28;21,19,7,13,3,12,2,1,0;20;18;33,32,29,31,27,26,25,24,23,22,15,14;9;6,5,4,10,16;11;8;17
0.8484	-	33,32,29,31,27,25,24,23,15;28;22;20;11;12;26;6,5,4,10,16;19;21;9;17;14;18;30;13,3,2,1,0,8,7
0.9191	-	20;12;19;22;26;24;18;28;21;11;14;9;13,3,2,1,0,8,7;27,15,25,23,33,32,31,29;30;17;6,5,4,10,16
0.9898	-	13,3,2,1,0,8,7;26;19;22;24;14;11;28;30;6,5,4,10,16;12;27,15,25,23,33,32,31,29;9;20;21;17;18
1.0605	-	19;15;17;30;22;26;12;18;21;13,3,2,1,0,8,7;4,10;28;11;14;27,25,23,33,32,31,29;9;24;6,5,16;20
1.1312	-	6,5,16;18;28;17;24;26;27,25,23,33,32,31,29;21;19;14;9;20;30;12;13,3,2,1,0,8,7;15;22;4,10;11
1.2019	-	15;21;20;17;19;18;11;24;6,5,16;13,3,2,1,0,7;30,8;14;27,25,23,33,32,31,29;28;22;26;12;9;4,10
1.2726	-	12;14;9;18;30,8;6,5,16;4,10;26;28;20;21;11;22;17;15;24;19;27,25,23,33,32,31,29;13,3,2,1,0,7
1.3433	-	26;22;30,8;15;27,24;20;9;19;4,10;11;12;6,5,16;21;13,3,2,1,0,7;25,23,33,32,31,29;18;28;14;17
1.414	-	18;13,3,2,1,0,7;4,10;9;28;27,24;14;15;17;30,8;19;26;6,5,16;20;22;11;21;12;25,23,33,32,31,29
1.4847	-	18;30,8;6,5,16;13,3,2,1,0,7;4,10;26;25,23,33,32,31,29;15;14;28;17;9;12;27,24;22;21;19;11;20
1.5554	-	19;18;20;13,3,2,1,0,7;26;4,10;28;22;11;25,23,33,32,31,29;27,24;14;12;17;9;21;30,8;6,5,16;15
1.6261	-	30,8;26;21;12;22;18;15;27,24;28;17;19;25,23,33,32,31,29;11;13,3,2,1,0,7;20;9;6,5,16;14;4,10
1.6968	-	25,23,33,32,31,29;15;22;14;20;11;27,24;6,5,16;28;30,8;17;12;13,3,2,1,0,7;21;9;19;18;26;4,10
1.7675	-	6,5,16;27,24;4,10;13,3,2,1,0,7;30,8;20;9;26;11;17;28;22;18;25,23,33,32,31,29;19;15;14;12;21
1.8382	-	13,3,2,1,0,7;26,29;22;30,8;28;27,24;18;15;12;9;17;4,10;25,23,33,32,31;21;11;6,5,16;19;14;20
1.9089	-	28;25,23,33,32,31;17;12;30,8;13,3,2,1,0,7;4,10;27,24;15;21;20;26,29;6,5,16;19;9;22;18;14;11
1.9796	-	14;26,29;15;27,24;21;28;22;9;11;20;18;30,8;17;19;6,5,16;12;4,10;13,3,2,1,0,7;25,23,33,32,31
2.0503	-	14;28;6,5,16;9;22;19;27,24;25,31;26;11;18;15;4,10;21;23,33,32,29;13,3,2,1,0,7;30,8;20;17;12
2.121	-	30,8;21;4,10;11;12;23,33,32,29;26;6,5,16;19;9;27,24;13,3,2,1,0,7;18;25,31;20;28;14;22;17;15
2.1917	-	27,24;21;26;19;30,8;14;22;28;13,3,2,1,0,7;12;11;9;23,33,32,29;6,5,16;17;18;25,31;15;4,10;20
2.2624	-	17;22;25,31;23,33,32,29;11;30,8;28;20;19;15;4,10;9;13,3,2,1,0,7;21;6,5,16;26;27,24;18;12;14
2.3331	-	22;17;12;28;11;18;15;14;19;6,5,16;20;25,31;27,24;30,8;23,33,32,29;4,10;21;9;26;13,3,2,1,0,7
2.4038	-	23,33,32,29;26;12;30,8;15;27,24;21;17;28;22;13,3,2,1,0,7;14;6,5,16;20;18;11;25,31;9;19;4,10
2.4745	-	26;9;13,3,2,1,0,7;21;18;15;27,24;6,5,16;14;22;4,10;11;30,8;12;23,33,32,29;20;28;17;19;25,31
2.5452	-	12;11;26;9;4,10;19;23,33,32,29;6,5,16;22;27,24;18;30,8;28;15;25,31;14;20;17;21;13,3,2,1,0,7
2.6159	-	15;7;4,10;28;26;6,5,16;9;30,8;14;17;25,31;11;23,33,32,29;22;13,3,2,1,0;21;12;20;27,24;18;19
2.6866	-	28;30,8;15;11;22;12;6,5,16;20;13,3,2,1,0;17;26;21;4,10;19;25,31;7;27,24;23,33,32,29;18;9;14
2.7573	-	15;20;23,33,32,29;6,5,16;17;14;18;4,10;26;13,3,2,1,0;9;25,31;30,8;12;22;11;28;21;27,24;19;7
2.828	-	19;17;26;21;4,10;11;13,3,2,1,0;27,24;15;14;22;28;7;25,31;6,5,16;20;30,8;9;23,33,32,29;18;12
2.8987	-	7;28;20;9;26;27,24;12;19;22;30,8;21;4,10;11;18;13,3,2,1,0;23,33,32,29;17;6,5,16;15;14;25,31
2.9694	-	15;18;9;17;30,8;12;4,10;14;13,3,2,1,0;22;25,31;21;26;27,24;28;7;19;11;6,5,16;23,33,32,29;20
3.0401	-	14;26,29;11;6,5;8;15;20;28;12;21;23,33,32;24;25,31;13,2,1,0;30;4;18;22;9;27;7;3;10;19;17;16
3.1108	-	22;13,2,1,0;11;30;12;27;3;7;9;6,5;17;16;24;15;23,33,32;14;26,29;4;18;25,31;28;21;20;10;19;8
3.1815	-	28;23,33,32;27;25,31;8;20;15;3;14;7;22;4;10;11;6,5;19;9;13,2,1,0;12;18;26,29;17;24;21;16;30
3.2522	-	15;24;18;26,29;7;16;25,31;27;28;3;10;4;11;13,2,1,0;30;6,5;14;17;8;22;23,33,32;20;19;9;21;12
3.3229	-	17;9;12;30;25,31;24;20;16;19;15;11;26,29;10;18;23,33,32;3;8;4;13,2,1,0;28;21;22;6,5;27;14;7
3.3936	-	25,31;6,5;27;18;8;26,29;30;16;3;13,2,1,0;7;21;4;14;19;9;10;12;17;24;20;15;11;28;23,33,32;22
3.4643	-	23,33,32;17;6,5;28;10;9;15;14;8;19;13,2,1,0;12;26,29;25,31;11;4;20;18;27;16;30;24;3;21;7;22
3.535	-	18;4;3;14;9;30;24;15;6,5;19;17;8;12;27;7;13,2,1,0;16;22;26,29;23,33,32;21;10;28;20;11;25,31
3.6057	-	11;14;4;9;27;21;20;12;3;25,31;22;15;8;30;23,33,32;19;26,29;6,5;7;10;13,2,1,0;28;18;17;16;24
3.6764	-	14;30;7;15;23,33,32;11;9;17;4;12;28;8;19;18;10;26,29;2,1,0;22;6,5;20;25,31;16;27;13;21;24;3
3.7471	-	9;14;25,31;18;20;26,29;27;10;21;16;6,5;2,1,0;19;17;30;15;4;28;23,33,32;22;12;7;13;11;24;3;8
3.8178	-	16;27;4;19;9;23,33,32;14;17;24;22;18;25,31;21;20;30;3;28;10;26,29;12;15;13;6,5;11;2,1,0;8;7
3.8885	-	6,5;2,1,0;4;16;26,29;3;8;13;7;10;30;24;23,33,32;27;21;20;19;12;28;18;11;17;15;14;25,31;9;22
3.9592	-	4;11;15;19;23,33,32;17;13;16;9;28;26,29;7;20;8;18;24;14;3;2,1,0;30;27;12;10;21;6,5;25,31;22
4.0299	-	13;7;17;27;29;11;2,1,0;16;6,5;30;12;10;24;21;18;9;22;4;26;14;15;19;25,31;3;28;8;23,33,32;20
4.1006	-	19;12;26;2,1,0;15;4;24;30;22;11;25,31;7;18;9;28;29;27;16;23,33,32;3;8;20;13;6,5;10;17;14;21
4.1713	-	10;22;2,1,0;18;12;24;7;13;27;29;19;30;23,33,32;21;6,5;8;9;17;15;20;25,31;26;28;14;11;16;3;4
4.242	-	29;4;11;22;2,1,0;21;6,5;13;12;24;23,33,32;19;9;17;28;14;18;15;3;27;25,31;10;8;30;16;26;20;7
4.3127	-	30;15;18;24;12;23,33,32;13;19;21;8;20;22;4;27;14;17;29;9;2,1,0;3;7;10;25,31;11;16;28;26;6,5
4.3834	-	3;2,1,0;6,5;28;11;16;29;20;18;27;30;22;12;7;8;14;19;21;23,33,32;15;17;25,31;10;24;26;9;13;4
4.4541	-	21;28;13;3;14;18;16;10;23,33,32;8;20;22;4;29;2,1,0;12;24;30;26;19;11;15;27;6,5;7;25,31;17;9
4.5248	-	2,1;6,5;13;29;30;18;3;17;19;14;28;27;24;22;7;15;0;21;10;25,31;33;26;4;16;12;23,32;20;11;8;9
4.5955	-	20;14;8;18;2,1;7;27;22;26;16;10;4;9;15;6,5;28;17;3;11;30;19;13;12;33;29;21;23,32;0;24;25,31
4.6662	-	17;12;19;27;29;21;26;8;23,32;13;10;15;30;28;18;24;16;6,5;33;22;11;4;9;3;14;2,1;7;25,31;0;20
4.7369	-	26;0;25,31;22;8;21;17;28;11;16;4;29;7;27;3;2,1;33,32;12;30;19;24;9;14;23;15;6,5;10;13;20;18
4.8076	-	21;16;19;12;10;30;33,32;15;3;6,5;28;14;26;29;7;13;9;2,1;8;4;0;17;27;23;18;24;11;25,31;22;20
4.8783	-	26;17;30;11;22;18;16;3;27;33,32;10;23;7;28;0;25,31;29;21;14;19;12;20;8;15;4;24;13;9;6,5;2,1
4.949	-	9;26;19;2,1;20;23,32;17;22;10;7;0;16;8;29;14;25,31;3;30;15;11;21;13;33;18;24;12;28;27;6,5;4
5.0197	-	13;21;26;6;32;8;33;9;14;10;22;0;3;4;7;17;18;19;25,31;27;29;30;24;23;11;2,1;20;15;5;28;12;16
5.0904	-	32;7;24;15;23;18;11;19;4;3;10;16;33;8;12;13;29;14;20;26;6;9;28;0;30;27;25,31;21;22;2,1;17;5
5.1611	-	15;14;20;21;18;23;9;4;5;13;26;16;11;2,1;7;32;3;24;28;6;33;0;30;29;10;12;8;22;25,31;27;19;17
5.2318	-	8;10;15;25,31;19;21;12;11;33;6;32;7;4;28;16;0;29;26;27;9;2,1;24;23;20;17;14;18;3;13;30;5;22
5.3025	-	29;22;23;18;9;26;10;28;24;21;7;3;30;15;20;13;11;0;32;6;14;5;8;4;27;25,31;19;16;33;2,1;12;17
5.3732	-	33;18;29;22;27;8;12;17;25,31;13;7;15;2,1;4;32;24;6;19;26;28;11;3;0;21;9;23;5;30;20;14;10;16
5.4439	-	3;30;12;33;29;21;0;14;10;2,1;7;15;11;27;6;13;5;26;32;18;17;4;19;24;23;22;9;8;28;25,31;16;20
5.5146	-	15;5;8;26;3;32;20;10;17;22;6;12;24;4;19;14;27;7;13;11;28;18;16;33;29;21;9;30;0;23;2,1;25,31
5.5853	-	33;32;28;24;3;19;4;10;7;0;22;18;21;17;12;2,1;30;11;9;15;25,31;14;6;5;23;29;20;16;8;26;13;27
5.656	-	22;12;27;3;10;11;13;0;17;16;7;20;8;4;24;21;5;26;18;9;33;2,1;14;32;19;15;30;28;25,31;23;6;29
5.7267	-	26;15;25,31;28;19;21;3;24;32;18;13;17;2,1;27;4;29;5;12;22;6;8;11;0;20;33;30;16;9;23;10;14;7
5.7974	-	27;24;20;3;30;22;13;7;25,31;16;2,1;8;4;14;18;0;6;11;10;15;17;9;23;33;28;26;12;19;29;32;5;21
5.8681	-	21;26;0;27;8;20;4;5;6;25,31;12;14;24;9;7;10;33;11;32;28;13;23;2,1;30;3;17;29;19;18;15;22;16
5.9388	-	13;27;9;18;20;2,1;16;33;14;32;3;5;26;12;17;28;10;6;23;22;4;0;24;15;29;8;19;11;7;25,31;21;30
6.0095	-	18;25,31;29;21;17;26;9;11;6;10;24;8;12;0;15;32;27;5;16;22;19;4;30;23;20;14;13;28;3;1;2;33;7
6.0802	-	19;21;6;23;18;16;15;12;2;33;17;8;29;4;24;27;7;10;20;13;14;25,31;30;0;11;28;22;26;1;32;9;5;3
6.1509	-	13;17;6;24;27;9;23;33;18;4;0;2;11;32;25,31;12;3;28;19;15;22;1;8;14;7;5;10;26;30;21;29;20;16
6.2216	-	16;18;8;32;26;21;4;3;24;10;28;12;23;13;14;17;5;22;30;25,31;2;15;6;0;7;11;1;19;9;33;29;27;20
6.2923	-	17;16;2;32;30;14;19;11;1;29;18;22;8;26;20;33;5;28;21;3;24;27;0;23;7;9;25,31;6;12;13;10;4;15
6.363	-	9;23;8;27;2;21;16;33;17;6;0;32;10;11;15;3;24;19;26;25,31;18;29;7;13;20;14;4;30;1;12;28;22;5
6.4337	-	28;21;2;30;33;24;32;6;25,31;0;26;20;12;14;23;4;22;17;3;11;29;13;15;5;1;16;9;8;27;18;7;19;10
6.5044	-	16;2;26;22;8;0;10;32;19;14;5;7;9;33;29;12;6;25,31;11;3;30;24;1;17;21;28;27;20;18;13;23;4;15
6.5751	-	11;24;30;2;16;18;12;7;10;3;6;5;27;26;0;28;14;15;25,31;20;22;23;17;1;13;21;19;29;32;9;33;4;8
6.6458	-	23;27;30;22;19;2;9;10;25,31;12;13;3;7;0;20;6;17;5;15;1;18;33;26;29;16;8;24;4;32;28;21;14;11
6.7165	-	33;11;16;4;3;27;20;10;6;7;24;26;28;14;5;25,31;18;13;12;22;30;1;2;9;32;19;29;8;17;15;23;21;0
6.7872	-	21;15;6;10;24;29;23;7;18;5;1;17;33;28;8;14;3;30;19;16;0;12;9;32;20;26;22;11;27;25,31;13;4;2
6.8579	-	20;21;8;23;19;32;13;16;27;9;2;30;25,31;10;14;1;33;18;6;15;0;24;22;12;7;26;5;29;17;28;11;4;3
6.9286	-	5;10;3;16;2;18;8;29;21;4;13;32;26;23;20;24;19;11;30;22;14;17;1;7;27;12;9;0;25,31;6;28;15;33
6.9993	-	9;4;33;26;5;19;25,31;23;7;22;13;16;8;11;18;0;6;30;3;17;24;1;28;20;10;14;21;27;32;29;2;12;15
