0.0	-	33,32,31,30,19,18,17,16,15,14,13,12,11,10,9,29,8,28,7,6,27,5,26,4,25,24,3,2,23,1,22,21,0,20
0.07	-	33,32,31,30,19,18,17,16,15,14,13,12,11,10,9,29,8,28,7,6,27,5,26,4,25,24,3,2,23,1,22,21,0,20
0.14	-	18;33,32,29,31,28,30,27,26,25,24,23,22,20,8,15,14;6,5,4,10,16;9;21,19,17,7,13,3,12,11,2,1,0
0.21	-	6,5,4,10,16;18;33,32,29,31,28,30,27,26,25,24,23,22,20,8,15,14;9;21,19,17,7,13,3,12,11,2,1,0
0.28	-	9;33,32,29,31,28,30,27,26,25,24,23,22,20,8,15,14;21,19,17,7,13,3,12,11,2,1,0;6,5,4,10,16;18
0.35	-	33,32,29,31,28,30,27,26,25,24,23,22,8,15,14;6,5,4,10,16;20;18;17;9;21,19,7,13,3,12,11,2,1,0
0.42	-	17;21,19,7,13,3,12,11,2,1,0;9;18;33,32,29,31,28,30,27,26,25,24,23,22,8,15,14;20;6,5,4,10,16
0.49	-	9;6,5,4,10,16;8;30,28;33,32,29,31,27,26,25,24,23,22,15;14;21,19,7,13,3,12,2,1,0;20;18;17;11
0.56	-	21,19,7,13,3,12,2,1,0;30,8,28;6,5,4,10,16;20;9;17;11;18;33,32,29,31,27,26,25,24,23,22,15,14
0.63	-	30,8,28;17;20;21,19,7,13,3,12,2,1,0;9;11;18;6,5,4,10,16;33,32,29,31,27,26,25,24,23,22,15,14
0.7	-	11;30,28;21,19,7,13,3,12,2,1,0;9;20;8;6,5,4,10,16;33,32,29,31,27,26,25,24,23,22,15,14;18;17
0.77	-	8;11;33,32,29,31,27,26,25,24,23,22,15,14;6,5,4,10,16;18;20;17;9;21,19,7,13,3,12,2,1,0;30,28
0.84	-	26;28;18;30;12;11;22;29;21,0,19;20;14;17;27,15,25,24,23,33,32,31;6,5,4,10;16;13,3,2,1,7;9;8
0.91	-	14;17;19;13,3,2,1,0,8,7;6,5,4,10,16;12;30;27,25,24,23,33,32,31,29;20;21;22;18;26;11;28;15;9
0.98	-	28;9;17;19;11;18;21;20;12;13,3,2,1,0,8,7;22;27,15,25,23,33,32,31,29;30;24;26;6,5,4,10,16;14
1.05	-	9;28;18;27,25,23,33,32,31,29;11;6,5,16;21;13,3,2,1,0,8,7;17;19;30;24;26;4,10;22;20;14;15;12
1.12	-	12;27,25,23,33,32,31,29;19;20;17;21;4,10;15;9;28;14;11;26;22;18;30;13,3,2,1,0,8,7;24;6,5,16
1.19	-	14;19;21;24;12;18;22;17;13,3,2,1,0,7;6,5,16;11;15;4,10;28;9;30,8;26;27,25,23,33,32,31,29;20
1.26	-	28;13,3,2,1,0,7;12;24;27,25,23,33,32,31,29;19;14;20;4,10;17;9;6,5,16;15;18;22;26;21;11;30,8
1.33	-	21;12;26;18;19;27,25,23,33,32,31,29;28;9;30,8;14;22;4,10;6,5,16;17;11;15;13,3,2,1,0,7;24;20
1.4	-	28;18;17;20;15;12;19;11;13,3,2,1,0,7;21;26;4,10;14;6,5,16;27,24;30,8;22;9;25,23,33,32,31,29
1.47	-	27,24;14;6,5,16;28;20;26;11;25,23,33,32,31,29;13,3,2,1,0,7;17;22;9;19;4,10;12;30,8;15;21;18
1.54	-	12;27,24;4,10;30,8;25,23,33,32,31,29;14;19;15;28;26;6,5,16;9;21;18;20;13,3,2,1,0,7;11;22;17
1.61	-	19;11;26;15;18;14;22;13,3,2,1,0,7;4,10;9;6,5,16;27,24;30,8;28;20;17;21;25,23,33,32,31,29;12
1.68	-	11;20;30,8;28;12;21;26;19;17;9;18;6,5,16;4,10;13,3,2,1,0,7;25,23,33,32,31,29;27,24;14;22;15
1.75	-	17;9;4,10;13,3,2,1,0,7;26;14;25,23,33,32,31,29;20;27,24;28;19;22;21;18;15;30,8;11;12;6,5,16
1.82	-	4,10;21;11;28;30,8;14;22;12;19;26,29;20;6,5,16;9;18;13,3,2,1,0,7;15;25,23,33,32,31;17;27,24
1.89	-	15;12;9;21;30,8;17;11;22;20;18;14;27,24;28;19;13,3,2,1,0,7;25,23,33,32,31;26,29;6,5,16;4,10
1.96	-	17;20;18;11;22;26,29;21;25,23,33,32,31;9;28;30,8;14;4,10;13,3,2,1,0,7;15;27,24;12;6,5,16;19
2.03	-	21;19;20;9;11;6,5,16;26;15;23,33,32,29;28;13,3,2,1,0,7;22;27,24;17;4,10;14;25,31;18;30,8;12
2.1	-	11;26;12;21;30,8;25,31;19;28;15;17;6,5,16;18;4,10;20;9;27,24;22;14;13,3,2,1,0,7;23,33,32,29
2.17	-	14;27,24;28;12;22;18;6,5,16;4,10;13,3,2,1,0,7;20;17;15;26;30,8;23,33,32,29;25,31;19;21;11;9
2.24	-	23,33,32,29;20;11;30,8;22;14;13,3,2,1,0,7;15;9;28;25,31;19;21;12;18;6,5,16;27,24;4,10;26;17
2.31	-	26;11;12;19;14;30,8;27,24;22;9;6,5,16;28;23,33,32,29;13,3,2,1,0,7;21;25,31;18;4,10;15;17;20
2.38	-	28;18;30,8;17;12;15;4,10;22;20;21;9;26;27,24;23,33,32,29;6,5,16;19;25,31;11;13,3,2,1,0,7;14
2.45	-	26;15;23,33,32,29;13,3,2,1,0,7;6,5,16;18;21;14;22;25,31;28;9;20;12;19;27,24;11;17;30,8;4,10
2.52	-	28;13,3,2,1,0,7;21;14;25,31;19;22;27,24;17;30,8;9;11;4,10;18;15;26;20;12;6,5,16;23,33,32,29
2.59	-	22;30,8;17;15;18;12;14;25,31;23,33,32,29;6,5,16;11;9;4,10;27,24;13,3,2,1,0,7;20;26;28;21;19
2.66	-	30,8;21;17;20;12;18;19;14;7;4,10;6,5,16;9;11;23,33,32,29;28;13,3,2,1,0;25,31;26;22;27,24;15
2.73	-	26;12;14;22;6,5,16;9;18;17;4,10;28;23,33,32,29;20;19;7;30,8;25,31;11;13,3,2,1,0;27,24;15;21
2.8	-	11;20;15;7;6,5,16;13,3,2,1,0;14;22;23,33,32,29;21;19;18;26;30,8;28;25,31;12;17;27,24;9;4,10
2.87	-	13,3,2,1,0;26;21;11;17;23,33,32,29;14;28;25,31;19;4,10;18;22;9;30,8;15;20;27,24;6,5,16;7;12
2.94	-	19;27,24;26;20;30,8;14;12;17;9;28;6,5,16;25,31;23,33,32,29;4,10;18;7;13,3,2,1,0;22;15;11;21
3.01	-	3;14;25,31;23,33,32;16;26,29;7;4;17;15;21;6,5;30;28;13,2,1,0;24;20;12;8;10;27;22;18;19;11;9
3.08	-	22;25,31;21;7;8;3;30;20;13,2,1,0;18;14;16;19;23,33,32;6,5;15;27;11;10;9;26,29;28;17;4;12;24
3.15	-	13,2,1,0;26,29;30;12;16;17;28;9;8;18;20;10;24;6,5;25,31;22;3;14;23,33,32;7;21;11;15;27;19;4
3.22	-	10;3;6,5;27;28;15;11;7;21;26,29;22;16;9;4;20;8;23,33,32;14;19;24;12;18;13,2,1,0;17;30;25,31
3.29	-	24;25,31;18;14;16;28;13,2,1,0;7;6,5;9;17;15;10;27;3;12;23,33,32;21;19;20;11;4;26,29;8;30;22
3.36	-	23,33,32;7;17;3;22;11;14;16;21;12;9;15;8;18;30;20;13,2,1,0;25,31;27;26,29;4;10;24;6,5;19;28
3.43	-	25,31;24;22;14;26,29;19;23,33,32;16;10;17;3;30;7;11;21;6,5;12;20;28;4;27;8;15;9;13,2,1,0;18
3.5	-	13,2,1,0;17;9;4;27;24;20;6,5;30;14;10;21;3;23,33,32;25,31;12;19;22;7;26,29;15;8;28;11;16;18
3.57	-	21;20;6,5;12;22;3;16;18;7;27;28;11;24;23,33,32;25,31;15;8;10;9;14;30;19;17;26,29;4;13,2,1,0
3.64	-	28;30;11;27;13,2,1,0;9;15;8;19;25,31;21;16;24;20;7;18;10;6,5;22;12;26,29;3;4;17;14;23,33,32
3.71	-	15;24;6,5;8;10;4;11;2,1,0;25,31;30;21;9;14;26,29;12;16;20;19;3;13;18;17;23,33,32;22;7;28;27
3.78	-	3;25,31;13;28;6,5;23,33,32;18;22;11;16;24;10;2,1,0;26,29;21;9;4;20;19;12;8;15;30;14;27;17;7
3.85	-	22;27;12;6,5;26,29;8;2,1,0;13;28;15;3;24;19;9;14;10;4;21;7;11;16;30;20;17;23,33,32;18;25,31
3.92	-	30;17;10;25,31;7;8;3;20;26,29;23,33,32;19;9;16;28;15;12;6,5;27;21;24;14;13;4;22;11;2,1,0;18
3.99	-	7;10;13;14;11;21;30;4;8;17;27;12;22;24;3;18;20;2,1,0;25,31;6,5;23,33,32;26,29;9;19;15;28;16
4.06	-	24;15;23,33,32;8;25,31;3;30;17;4;7;19;9;18;28;6,5;21;10;27;13;22;12;29;20;2,1,0;14;26;16;11
4.13	-	19;12;15;22;25,31;17;26;8;16;27;3;2,1,0;20;9;30;18;13;6,5;7;21;24;14;28;29;23,33,32;11;4;10
4.2	-	21;13;26;27;18;8;28;24;17;7;29;9;4;3;6,5;30;25,31;19;23,33,32;2,1,0;20;14;11;10;22;12;16;15
4.27	-	29;20;17;23,33,32;7;30;11;4;22;6,5;13;18;14;15;21;28;8;12;9;24;19;3;27;26;25,31;2,1,0;10;16
4.34	-	7;11;20;24;25,31;13;26;28;22;8;10;15;4;6,5;21;30;2,1,0;27;9;12;23,33,32;18;19;3;14;17;16;29
4.41	-	10;2,1,0;28;22;13;3;17;29;14;25,31;4;21;23,33,32;8;27;7;16;11;18;9;26;20;15;30;24;6,5;19;12
4.48	-	30;2,1,0;25,31;28;23,33,32;13;12;3;24;19;16;11;26;9;18;4;10;21;14;29;7;27;8;20;6,5;17;22;15
4.55	-	19;25,31;14;8;22;4;10;3;26;9;15;13;2,1;16;29;6,5;21;18;33,32;23;28;27;11;12;30;20;24;0;17;7
4.62	-	30;26;6,5;11;24;25,31;3;18;15;19;2,1;20;7;16;23,32;0;29;9;17;22;10;13;21;14;12;33;8;27;4;28
4.69	-	27;12;4;16;14;2,1;24;33,32;22;9;0;10;29;15;21;19;8;6,5;3;26;23;30;20;7;18;28;13;17;25,31;11
4.76	-	23;7;0;13;22;10;29;27;25,31;20;8;33,32;30;16;17;28;15;26;19;11;24;14;2,1;21;4;6,5;3;9;12;18
4.83	-	33,32;10;7;6,5;11;27;2,1;26;13;4;28;30;8;25,31;24;23;19;3;9;15;22;16;20;17;18;12;14;21;0;29
4.9	-	16;6,5;9;28;21;26;23,32;22;17;12;29;27;19;15;20;13;10;33;0;4;14;2,1;18;8;30;25,31;24;11;3;7
4.97	-	11;14;0;2,1;6,5;25,31;20;17;15;29;19;9;7;21;3;12;23,32;16;8;24;22;27;4;10;26;33;13;28;18;30
5.04	-	21;30;27;19;29;26;3;16;6;5;25,31;18;4;13;22;20;7;15;17;10;2,1;23;9;28;14;33;11;12;0;24;32;8
5.11	-	9;14;28;30;27;32;15;8;6;3;12;23;25,31;18;7;13;11;2,1;16;10;17;0;33;20;4;26;22;21;29;19;24;5
5.18	-	13;21;5;24;10;29;25,31;17;4;8;6;16;18;26;9;2,1;15;7;20;0;19;3;14;33;32;30;28;27;11;23;12;22
5.25	-	24;17;18;15;6;4;22;9;23;33;11;0;7;29;3;10;21;12;27;20;2,1;14;28;19;25,31;32;30;8;16;5;26;13
5.32	-	18;5;32;25,31;6;14;19;20;11;33;22;16;17;2,1;0;15;27;30;28;4;29;3;7;26;10;23;21;9;13;8;12;24
5.39	-	7;10;14;30;13;16;12;33;9;21;5;6;0;26;19;22;18;32;3;20;27;15;17;29;8;28;11;2,1;23;25,31;24;4
5.46	-	33;2,1;5;22;4;18;10;12;0;32;21;30;15;17;6;25,31;8;13;29;27;16;7;26;9;14;24;23;20;28;19;3;11
5.53	-	11;8;6;14;9;19;4;17;29;7;30;33;26;27;18;20;28;2,1;23;16;3;0;12;25,31;13;10;15;5;24;32;22;21
5.6	-	9;11;12;2,1;33;28;0;18;22;29;4;7;5;17;30;26;21;10;6;27;14;24;23;15;32;25,31;3;19;8;16;13;20
5.67	-	23;29;28;13;2,1;11;7;5;32;18;6;15;19;16;17;21;4;8;25,31;14;27;3;20;33;22;9;30;0;10;24;12;26
5.74	-	7;3;28;23;15;21;30;27;9;19;18;2,1;6;20;5;4;16;0;12;25,31;24;10;17;33;11;32;29;22;8;13;26;14
5.81	-	13;9;23;15;27;3;8;11;21;12;0;4;5;20;2,1;6;10;26;17;7;29;32;30;28;33;18;24;25,31;19;22;16;14
5.88	-	0;2,1;26;29;24;23;8;33;6;7;17;3;32;18;16;10;4;27;13;5;19;12;15;28;25,31;14;30;22;21;9;20;11
5.95	-	20;15;17;3;28;18;4;8;29;26;24;10;6;19;14;2,1;13;0;23;22;12;7;32;5;9;21;16;30;25,31;11;27;33
6.02	-	11;0;6;33;28;18;16;15;20;3;9;29;25,31;30;10;12;19;26;17;24;7;2;4;13;32;5;14;1;23;22;21;8;27
6.09	-	28;15;29;17;8;14;19;25,31;24;18;9;13;4;6;2;33;27;10;20;22;30;0;3;1;26;16;32;12;7;21;11;23;5
6.16	-	13;14;0;5;32;15;10;20;17;2;7;1;23;21;30;6;3;26;28;24;25,31;27;11;4;12;19;33;16;29;18;9;22;8
6.23	-	33;19;7;27;11;25,31;26;3;1;24;16;10;12;4;30;9;6;23;29;5;22;21;2;13;28;17;8;0;32;18;20;15;14
6.3	-	2;30;25,31;19;21;23;7;6;4;20;32;33;27;18;9;28;17;29;12;16;14;26;15;5;1;0;13;22;24;3;10;8;11
6.37	-	13;7;21;10;15;19;33;11;14;4;3;2;20;17;5;32;18;22;8;9;1;6;23;30;28;25,31;26;12;29;27;0;16;24
6.44	-	1;30;23;19;8;15;28;29;11;4;3;0;17;12;16;22;25,31;24;18;7;26;10;9;13;32;27;2;33;5;6;21;20;14
6.51	-	17;12;6;26;30;15;25,31;28;2;10;27;24;33;0;7;18;29;14;8;22;3;19;4;16;13;9;32;20;5;11;23;1;21
6.58	-	32;16;23;14;25,31;22;17;8;9;15;33;11;18;28;3;30;21;5;1;12;29;2;19;26;6;24;0;10;20;13;4;27;7
6.65	-	25,31;5;17;8;2;24;14;1;33;32;30;9;27;12;22;15;7;10;29;4;26;0;20;16;13;18;11;6;3;21;23;19;28
6.72	-	25,31;23;26;6;10;0;16;3;33;32;18;27;22;1;30;11;4;20;15;24;9;2;28;5;13;21;29;7;8;19;17;12;14
6.79	-	26;21;5;33;18;6;12;14;16;8;13;15;24;2;29;7;25,31;30;10;28;22;23;1;4;17;9;32;20;3;0;11;19;27
6.86	-	9;27;11;7;23;0;3;29;14;18;10;1;26;17;5;20;32;15;2;16;30;19;4;33;12;22;25,31;8;24;28;21;6;13
6.93	-	29;0;3;19;2;27;1;9;22;25,31;11;18;17;6;30;28;8;15;21;12;5;16;26;14;7;23;24;20;13;4;33;32;10
7.0	-	9;0;21;7;11;2;25;14;13;5;26;23;19;4;20;18;8;32;1;31;12;15;30;17;27;28;6;16;3;29;24;10;33;22
